3201.12	46.0916
3200.52	20.9507
3199.93	67.0321
3199.33	79.5886
3198.73	54.4471
3198.13	29.3132
3197.54	29.3088
3196.94	71.1677
3196.34	62.7855
3195.75	41.8507
3195.15	92.0575
3194.55	25.1028
3193.95	100.396
3193.36	83.6506
3192.76	37.6371
3192.16	79.444
3191.56	50.1675
3190.96	29.26
3190.37	50.1523
3189.77	54.3234
3189.17	91.918
3188.57	45.9521
3187.97	66.8292
3187.37	100.229
3186.77	141.969
3186.18	29.2245
3185.58	79.3116
3184.98	83.4732
3184.38	79.2875
3183.78	45.8963
3183.18	58.4047
3182.58	79.2514
3181.98	83.4099
3181.38	70.8877
3180.78	62.5385
3180.18	50.0232
3179.58	66.6874
3178.98	62.51
3178.38	66.6672
3177.78	66.6571
3177.18	33.3235
3176.58	66.6369
3175.98	99.9401
3175.38	79.1073
3174.78	74.9323
3174.18	66.5964
3173.58	95.7178
3172.98	66.5762
3172.38	83.2076
3171.78	83.195
3171.18	79.0232
3170.57	108.121
3169.97	41.5785
3169.37	108.088
3168.77	83.1318
3168.17	33.2477
3167.57	83.1066
3166.97	74.7846
3166.36	83.0814
3165.76	49.8412
3165.16	62.2921
3164.56	49.8261
3163.96	95.4855
3163.35	45.6601
3162.75	41.5028
3162.15	20.7483
3161.55	45.6392
3160.94	49.7807
3160.34	16.591
3159.74	103.678
3159.13	66.344
3158.53	41.4587
3157.93	78.7596
3157.33	41.4461
3156.72	62.1597
3156.12	107.727
3155.52	74.569
3154.91	20.7105
3154.31	41.4146
3153.7	82.8166
3153.1	41.402
3152.5	37.2562
3151.89	62.0842
3151.29	82.7663
3150.68	8.27537
3150.08	95.1523
3149.48	49.6371
3148.87	62.037
3148.27	66.1627
3147.66	78.5562
3147.06	37.2052
3146.45	37.1995
3145.85	37.1939
3145.24	66.1124
3144.64	66.1023
3144.03	82.6153
3143.43	57.8219
3142.82	45.4246
3142.22	45.4177
3141.61	28.8978
3141	86.6801
3140.4	94.9209
3139.79	111.412
3139.19	28.8802
3138.58	70.1269
3137.97	37.1204
3137.37	74.2294
3136.76	37.1091
3136.16	78.3294
3135.55	82.4395
3134.94	45.3348
3134.34	82.4144
3133.73	61.8014
3133.12	61.792
3132.52	74.1391
3131.91	82.3642
3131.3	119.41
3130.69	12.3509
3130.09	74.0939
3129.48	57.6198
3128.87	53.496
3128.26	45.2589
3127.66	106.959
3127.05	90.4903
3126.44	37.0131
3125.83	32.8955
3125.22	65.781
3124.62	53.4389
3124.01	-4.11006
3123.4	49.3132
3122.79	61.6321
3122.18	49.2982
3121.57	82.1511
3120.97	49.2832
3120.36	78.0198
3119.75	20.5284
3119.14	32.8404
3118.53	45.1487
3117.92	102.595
3117.31	32.8254
3116.7	32.8204
3116.09	32.8154
3115.48	77.9247
3114.87	94.3155
3114.26	28.7003
3113.65	53.2925
3113.04	65.5807
3112.43	61.4726
3111.82	90.146
3111.21	65.5507
3110.6	73.7333
3109.99	-8.19134
3109.38	85.996
3108.77	57.3219
3108.16	45.0318
3107.55	85.9566
3106.94	45.018
3106.33	77.7465
3105.72	98.1912
3105.11	32.7254
3104.49	89.9811
3103.88	102.236
3103.27	85.8648
3102.66	61.3227
3102.05	77.6635
3101.44	61.3039
3100.83	110.33
3100.21	61.2852
3099.6	49.0207
3098.99	40.8443
3098.38	53.0895
3097.76	12.2496
3097.15	118.394
3096.54	122.458
3095.93	73.4637
3095.31	97.9366
3094.7	77.5213
3094.09	28.5561
3093.48	36.7094
3092.86	77.4858
3092.25	130.482
3091.64	65.2313
3091.02	93.7556
3090.41	28.53
3089.8	81.5017
3089.18	32.5957
3088.57	44.8123
3087.96	20.3661
3087.34	73.3067
3086.73	44.7917
3086.11	89.5697
3085.5	85.4853
3084.89	105.823
3084.27	32.5559
3083.66	81.3773
3083.04	69.1601
3082.43	61.0143
3081.81	69.1389
3081.2	56.9292
3080.58	52.8548
3079.97	69.1072
3079.35	40.6451
3078.74	28.4472
3078.12	56.8857
3077.51	65.0023
3076.89	56.8683
3076.28	93.4123
3075.66	56.8509
3075.04	52.7821
3074.43	12.1786
3073.81	105.532
3073.2	56.8162
3072.58	48.6921
3071.96	28.3994
3071.35	32.4515
3070.73	68.9488
3070.12	77.0487
3069.5	85.146
3068.88	28.3777
3068.27	52.6933
3067.65	64.8434
3067.03	93.1981
3066.41	72.9265
3065.8	72.9153
3065.18	64.8037
3064.56	64.7938
3063.95	40.4899
3063.33	72.8707
3062.71	60.7163
3062.09	60.707
3061.47	64.7442
3060.86	64.7343
3060.24	60.6791
3059.62	24.2679
3059	84.9247
3058.38	80.8683
3057.77	32.3423
3057.15	48.5061
3056.53	84.8726
3055.91	68.6959
3055.29	76.766
3054.67	56.5558
3054.05	56.5471
3053.43	44.4231
3052.82	52.4919
3052.2	40.3722
3051.58	76.6955
3050.96	88.7917
3050.34	96.8488
3049.72	56.4865
3049.1	100.853
3048.48	76.6367
3047.86	36.296
3047.24	68.5487
3046.62	68.5381
3046	56.4345
3045.38	80.6084
3044.76	88.6556
3044.14	80.5837
3043.52	64.457
3042.9	56.3913
3042.28	8.05466
3041.65	72.4808
3041.03	80.5219
3040.41	28.1783
3039.79	32.1989
3039.17	104.63
3038.55	36.2126
3037.93	36.2071
3037.31	80.4478
3036.68	88.479
3036.06	68.3597
3035.44	32.1643
3034.82	84.4184
3034.2	52.251
3033.57	40.1869
3032.95	84.3795
3032.33	80.3491
3031.71	60.2526
3031.09	120.487
3030.46	32.1248
3029.84	84.3148
3029.22	36.1293
3028.59	72.2476
3027.97	40.1314
3027.35	80.2505
3026.73	36.1072
3026.1	132.373
3025.48	88.2348
3024.86	48.1207
3024.23	60.1416
3023.61	136.3
3022.98	92.1889
3022.36	72.1367
3021.74	60.1047
3021.11	28.0446
3020.49	28.0402
3019.86	72.0924
3019.24	60.0678
3018.62	84.082
3017.99	76.0625
3017.37	100.067
3016.74	72.037
3016.12	72.026
3015.49	60.0124
3014.87	64.0034
3014.24	75.9924
3013.62	43.9888
3012.99	83.9657
3012.37	87.9506
3011.74	123.911
3011.12	67.9409
3010.49	47.9509
3009.86	59.9294
3009.24	67.9096
3008.61	75.8873
3007.99	95.8429
3007.36	67.8783
3006.73	107.79
3006.11	103.782
3005.48	55.8739
3004.86	43.8942
3004.23	95.7544
3003.6	79.7831
3002.97	27.9198
3002.35	51.8431
3001.72	43.8605
3001.09	71.7606
3000.47	43.847
2999.84	79.7095
2999.21	63.7578
2998.58	23.9055
2997.96	83.6563
2997.33	67.7114
2996.7	39.8241
2996.07	123.436
2995.45	91.5672
2994.82	75.6308
2994.19	59.6993
2993.56	55.7108
2992.93	55.7022
2992.3	111.387
2991.68	71.5951
2991.05	27.8383
2990.42	75.5493
2989.79	55.6594
2989.16	71.551
2988.53	35.77
2987.9	63.5813
2987.27	79.4644
2986.64	95.3426
2986.01	79.4399
2985.39	59.5708
2984.76	91.3277
2984.13	7.94032
2983.5	59.5432
2982.87	63.503
2982.24	59.5249
2981.61	39.6771
2980.98	75.3749
2980.35	71.3968
2979.72	55.5223
2979.09	103.097
2978.45	15.8586
2977.82	67.3888
2977.19	39.6343
2976.56	83.2193
2975.93	91.1309
2975.3	95.0784
2974.67	39.6099
2974.04	67.3265
2973.41	110.874
2972.77	79.1832
2972.14	102.922
2971.51	87.0746
2970.88	35.6159
2970.25	27.697
2969.62	114.727
2968.98	118.665
2968.35	106.782
2967.72	55.3599
2967.09	98.8416
2966.46	110.686
2965.82	63.2391
2965.19	55.3257
2964.56	102.732
2963.92	90.8642
2963.29	55.3001
2962.66	90.8361
2962.03	71.0782
2961.39	63.1708
2960.76	51.3184
2960.13	47.3635
2959.49	47.3562
2958.86	27.6202
2958.22	11.8354
2957.59	98.6131
2956.96	47.327
2956.32	90.696
2955.69	74.9112
2955.05	55.1892
2954.42	-23.6489
2953.79	106.403
2953.15	59.1039
2952.52	66.9741
2951.88	39.3904
2951.25	31.5075
2950.61	78.7565
2949.98	43.3094
2949.34	55.1125
2948.71	31.488
2948.07	70.8371
2947.44	114.109
2946.8	90.4861
2946.17	74.7378
2945.53	51.1285
2944.89	62.9177
2944.26	94.3619
2943.62	51.1048
2942.99	70.7495
2942.35	86.4583
2941.71	58.9397
2941.08	62.8593
2940.44	94.2744
2939.81	58.9124
2939.17	62.8302
2938.53	82.4519
2937.89	70.6621
2937.26	51.0258
2936.62	94.187
2935.98	125.563
2935.35	47.0789
2934.71	54.9169
2934.07	50.9864
2933.43	39.2142
2932.8	82.3372
2932.16	39.2021
2931.52	47.0352
2930.88	78.3799
2930.25	78.3678
2929.61	39.1778
2928.97	66.592
2928.33	70.4983
2927.69	27.4118
2927.05	78.3072
2926.41	62.6361
2925.78	70.4547
2925.14	54.7896
2924.5	113.475
2923.86	82.1589
2923.22	58.6759
2922.58	125.156
2921.94	89.9418
2921.3	74.2883
2920.66	82.0954
2920.02	58.6305
2919.38	58.6214
2918.74	82.0572
2918.1	42.9757
2917.46	66.4067
2916.82	70.3021
2916.18	42.9557
2915.54	74.1848
2914.9	78.0771
2914.26	54.6455
2913.62	74.1503
2912.98	58.5306
2912.34	85.8316
2911.7	93.62
2911.06	62.4037
2910.42	77.9925
2909.78	113.072
2909.14	81.8667
2908.49	93.5475
2907.85	89.6358
2907.21	42.8626
2906.57	74.024
2905.93	62.3263
2905.29	62.3167
2904.64	120.72
2904	89.5524
2903.36	116.789
2902.72	73.9551
2902.07	93.4025
2901.43	73.9322
2900.79	73.9207
2900.15	50.5695
2899.5	73.8978
2898.86	89.4414
2898.22	97.2038
2897.57	93.3012
2896.93	73.852
2896.29	108.818
2895.65	73.8291
2895	77.7027
2894.36	112.651
2893.71	81.5626
2893.07	97.0832
2892.43	100.951
2891.78	42.7034
2891.14	93.1565
2890.49	62.0947
2889.85	139.691
2889.21	50.4363
2888.56	85.3404
2887.92	58.1776
2887.27	54.2907
2886.63	93.0553
2885.98	54.2738
2885.34	46.5132
2884.69	50.3815
2884.05	92.9975
2883.4	65.863
2882.76	77.4739
2882.11	96.8273
2881.47	92.9398
2880.82	58.0783
2880.17	81.297
2879.53	50.3189
2878.88	69.6615
2878.24	127.693
2877.59	58.0332
2876.94	65.7608
2876.3	81.2213
2875.65	46.4049
2875	50.2642
2874.36	96.6469
2873.71	104.362
2873.06	61.8348
2872.42	81.1456
2871.77	84.9964
2871.12	38.6287
2870.48	77.2455
2869.83	38.6167
2869.18	34.7496
2868.53	108.093
2867.89	77.1974
2867.24	111.919
2866.59	81.0321
2865.94	69.4453
2865.29	84.8644
2864.65	61.7099
2864	57.8441
2863.35	119.526
2862.7	65.5362
2862.05	77.0894
2861.4	127.178
2860.75	96.3318
2860.1	61.6428
2859.46	80.8935
2858.81	50.0692
2858.16	88.5701
2857.51	57.7541
2856.86	84.6929
2856.21	123.17
2855.56	53.8787
2854.91	15.3915
2854.26	88.4874
2853.61	57.7002
2852.96	84.6138
2852.31	80.7552
2851.66	49.9835
2851.01	88.4186
2850.36	76.8737
2849.71	57.6463
2849.06	65.3223
2848.41	99.8892
2847.76	96.0323
2847.11	65.2918
2846.45	53.7614
2845.8	49.9135
2845.15	103.65
2844.5	103.634
2843.85	122.807
2843.2	61.3937
2842.55	115.095
2841.89	76.7182
2841.24	72.871
2840.59	84.3638
2839.94	61.3459
2839.29	88.171
2838.63	61.3268
2837.98	80.4788
2837.33	68.9711
2836.68	72.7915
2836.02	118.747
2835.37	61.279
2834.72	57.4401
2834.07	61.2599
2833.41	111.016
2832.76	34.4479
2832.11	49.7504
2831.45	88.0062
2830.8	80.3409
2830.15	42.0768
2829.49	87.965
2828.84	76.4794
2828.18	42.0571
2827.53	80.2783
2826.88	76.4436
2826.22	76.4317
2825.57	72.5988
2824.91	133.714
2824.26	141.332
2823.6	126.034
2822.95	76.3721
2822.3	57.2701
2821.64	106.888
2820.99	95.4204
2820.33	83.9568
2819.68	129.731
2819.02	72.4855
2818.36	87.732
2817.71	68.6491
2817.05	57.1986
2816.4	45.7518
2815.74	110.549
2815.09	95.2864
2814.43	68.5955
2813.77	80.0156
2813.12	99.0514
2812.46	110.463
2811.8	102.829
2811.15	95.1971
2810.49	95.1823
2809.83	83.7473
2809.18	87.5403
2808.52	95.1377
2807.86	125.562
2807.21	76.0864
2806.55	64.6633
2805.89	60.8501
2805.23	79.8532
2804.58	72.2369
2803.92	125.444
2803.26	91.2181
2802.6	91.2038
2801.95	60.793
2801.29	117.768
2800.63	110.153
2799.97	56.9667
2799.31	41.7691
2798.65	79.7285
2798	72.124
2797.34	102.476
2796.68	60.717
2796.02	98.6497
2795.36	117.602
2794.7	91.0328
2794.04	94.811
2793.38	106.172
2792.72	117.529
2792.06	125.092
2791.4	90.9617
2790.74	53.0527
2790.08	60.6221
2789.42	41.6712
2788.76	109.843
2788.1	0
2787.44	94.6628
2786.78	79.5043
2786.12	79.4919
2785.46	98.4031
2784.8	102.172
2784.14	83.2381
2783.48	87.008
2782.82	94.5591
2782.16	79.4172
2781.5	102.092
2780.84	86.9536
2780.18	60.48
2779.51	83.1469
2778.85	90.6915
2778.19	49.1169
2777.53	94.4408
2776.87	71.7637
2776.2	94.4112
2775.54	83.0688
2774.88	94.3816
2774.22	71.7188
2773.56	98.1261
2772.89	105.658
2772.23	98.0954
2771.57	90.5354
2770.9	128.238
2770.24	49.0246
2769.58	98.0339
2768.92	86.7087
2768.25	52.7709
2767.59	135.675
2766.93	67.8271
2766.26	82.8868
2765.6	82.8738
2764.93	86.6272
2764.27	90.3794
2763.61	67.7739
2762.94	109.174
2762.28	94.1009
2761.61	109.14
2760.95	90.3086
2760.29	120.393
2759.62	37.6168
2758.96	63.9385
2758.29	86.4914
2757.63	93.9977
2756.96	105.261
2756.3	112.762
2755.63	63.8884
2754.97	78.9085
2754.3	78.8961
2753.63	93.9092
2752.97	93.8945
2752.3	127.676
2751.64	78.8466
2750.97	86.3423
2750.31	75.0685
2749.64	142.608
2748.97	93.8061
2748.31	112.55
2747.64	71.2703
2746.97	116.265
2746.31	134.996
2745.64	127.476
2744.97	41.2358
2744.31	74.9625
2743.64	108.679
2742.97	44.9634
2742.3	131.123
2741.64	74.9154
2740.97	67.4133
2740.3	74.8919
2739.63	52.4161
2738.97	93.5854
2738.3	63.6281
2737.63	63.6181
2736.96	82.3163
2736.29	78.5624
2735.63	52.3667
2734.96	78.5377
2734.29	108.44
2733.62	93.4678
2732.95	63.5481
2732.28	104.651
2731.61	115.845
2730.94	127.036
2730.28	89.6586
2729.61	89.6445
2728.94	74.692
2728.27	82.1483
2727.6	93.3357
2726.93	85.8553
2726.26	70.9128
2725.59	70.9017
2724.92	82.0837
2724.25	59.6879
2723.58	149.196
2722.91	96.9623
2722.24	108.133
2721.57	108.116
2720.9	93.189
2720.22	85.7204
2719.55	104.339
2718.88	74.516
2718.21	115.482
2717.54	74.4926
2716.87	74.4808
2716.2	126.598
2715.53	104.24
2714.85	44.6674
2714.18	96.7642
2713.51	89.3067
2712.84	111.616
2712.17	48.3592
2711.49	70.6677
2710.82	89.2505
2710.15	96.6728
2709.48	74.352
2708.8	104.076
2708.13	63.1793
2707.46	59.4535
2706.79	78.0204
2706.11	85.4375
2705.44	85.424
2704.77	85.4106
2704.09	81.6842
2703.42	81.6713
2702.75	122.488
2702.07	100.201
2701.4	129.87
2700.73	107.59
2700.05	100.154
2699.38	96.4294
2698.7	81.5813
2698.03	122.353
2697.35	92.6768
2696.68	85.2492
2696.01	85.2358
2695.33	100.044
2694.66	88.9136
2693.98	103.716
2693.31	122.218
2692.63	114.792
2691.96	107.37
2691.28	122.16
2690.61	125.842
2689.93	55.5097
2689.25	111.002
2688.58	96.1865
2687.9	85.0746
2687.23	96.1561
2686.55	99.8387
2685.87	73.9429
2685.2	129.38
2684.52	118.271
2683.84	48.0402
2683.17	133.013
2682.49	96.05
2681.81	107.116
2681.14	55.396
2680.46	96.0045
2679.78	132.908
2679.11	114.431
2678.43	129.176
2677.75	103.324
2677.07	106.997
2676.4	129.115
2675.72	55.3261
2675.04	84.8199
2674.36	110.617
2673.68	103.226
2673.01	77.4076
2672.33	95.8228
2671.65	92.1228
2670.97	110.53
2670.29	154.717
2669.61	73.6633
2668.93	121.525
2668.26	99.414
2667.58	92.0355
2666.9	58.8934
2666.22	69.9249
2665.54	121.429
2664.86	62.5446
2664.18	114.034
2663.5	84.5924
2662.82	80.9017
2662.14	84.5657
2661.46	110.286
2660.78	110.268
2660.1	84.5256
2659.42	113.908
2658.74	69.8034
2658.06	77.1389
2657.38	102.836
2656.7	99.1473
2656.02	80.7739
2655.33	106.458
2654.65	77.078
2653.97	88.0752
2653.29	113.746
2652.61	91.7159
2651.93	73.3612
2651.25	124.694
2650.56	62.3373
2649.88	84.3253
2649.2	124.635
2648.52	124.615
2647.84	65.9624
2647.15	102.592
2646.47	113.566
2645.79	84.2453
2645.11	113.53
2644.42	113.512
2643.74	80.5442
2643.06	98.834
2642.37	87.8386
2641.69	109.781
2641.01	80.4932
2640.32	69.5058
2639.64	102.413
2638.96	87.769
2638.27	109.694
2637.59	54.8383
2636.91	76.7614
2636.22	124.261
2635.54	84.0454
2634.85	91.3392
2634.17	94.9778
2633.48	116.877
2632.8	91.2959
2632.12	73.0251
2631.43	102.219
2630.75	83.9523
2630.06	109.486
2629.38	124.064
2628.69	105.803
2628	94.8424
2627.32	131.299
2626.63	98.459
2625.95	160.426
2625.26	134.883
2624.58	65.6081
2623.89	83.8193
2623.2	112.956
2622.52	102.009
2621.83	112.92
2621.15	87.4082
2620.46	94.6772
2619.77	83.7396
2619.09	123.769
2618.4	156.507
2617.71	120.091
2617.02	105.518
2616.34	149.157
2615.65	90.9347
2614.96	130.925
2614.28	116.36
2613.59	138.155
2612.9	134.498
2612.21	83.5936
2611.52	130.821
2610.84	76.3004
2610.15	163.475
2609.46	134.391
2608.77	50.8427
2608.08	79.883
2607.39	141.588
2606.71	105.267
2606.02	152.431
2605.33	97.976
2604.64	83.4478
2603.95	76.1793
2603.26	126.945
2602.57	83.408
2601.88	105.15
2601.19	116.009
2600.5	144.988
2599.81	108.724
2599.12	108.707
2598.43	134.05
2597.74	90.5601
2597.05	57.9493
2596.36	141.229
2595.67	61.5515
2594.98	108.603
2594.29	86.8687
2593.6	104.95
2592.91	115.788
2592.22	119.388
2591.53	86.8135
2590.83	54.2498
2590.14	101.25
2589.45	101.234
2588.76	115.678
2588.07	83.1301
2587.38	119.255
2586.68	101.17
2585.99	155.343
2585.3	90.3014
2584.61	115.567
2583.92	83.0509
2583.22	133.582
2582.53	144.39
2581.84	119.103
2581.15	129.91
2580.45	144.321
2579.76	126.261
2579.07	108.207
2578.37	111.796
2577.68	115.384
2576.99	97.3395
2576.29	136.975
2575.6	61.2683
2574.91	140.534
2574.21	169.335
2573.52	151.297
2572.82	97.2466
2572.13	151.248
2571.43	122.42
2570.74	100.8
2570.05	111.582
2569.35	129.559
2568.66	125.94
2567.96	97.1383
2567.27	143.886
2566.57	86.3176
2565.88	143.84
2565.18	136.626
2564.49	100.656
2563.79	97.0455
2563.09	93.4363
2562.4	104.201
2561.7	136.517
2561.01	118.536
2560.31	132.882
2559.61	150.815
2558.92	118.479
2558.22	150.767
2557.52	129.209
2556.83	111.245
2556.13	104.052
2555.43	125.559
2554.74	64.5631
2554.04	86.0704
2553.34	114.742
2552.65	103.969
2551.95	132.628
2551.25	114.687
2550.55	114.669
2549.86	136.148
2549.16	78.8099
2548.46	125.359
2547.76	146.826
2547.06	114.578
2546.36	75.1796
2545.67	128.859
2544.97	128.838
2544.27	103.77
2543.57	93.0201
2542.87	150.239
2542.17	78.6842
2541.47	185.951
2540.77	114.413
2540.07	85.7963
2539.38	125.1
2538.68	110.785
2537.98	96.4746
2537.28	107.177
2536.58	85.7278
2535.88	114.286
2535.18	67.8462
2534.48	117.819
2533.78	114.231
2533.08	149.904
2532.37	121.331
2531.67	128.448
2530.97	107.023
2530.27	121.273
2529.57	85.591
2528.87	85.5774
2528.17	110.52
2527.47	114.067
2526.77	96.2284
2526.06	117.594
2525.36	78.3833
2524.66	99.7446
2523.96	142.47
2523.26	74.7845
2522.56	117.5
2521.85	113.921
2521.15	142.378
2520.45	131.679
2519.75	117.425
2519.04	99.6171
2518.34	85.3725
2517.64	96.0287
2516.93	131.574
2516.23	135.108
2515.53	103.092
2514.82	124.402
2514.12	124.382
2513.42	99.4898
2512.71	152.763
2512.01	88.8018
2511.31	81.6845
2510.6	138.486
2509.9	95.8599
2509.19	95.8445
2508.49	124.223
2507.78	134.849
2507.08	149.02
2506.38	113.521
2505.67	117.05
2504.97	99.299
2504.26	131.195
2503.56	74.4504
2502.85	99.2513
2502.14	131.132
2501.44	184.265
2500.73	95.6606
2500.03	106.273
2499.32	88.5463
2498.62	109.78
2497.91	141.629
2497.2	116.825
2496.5	148.663
2495.79	106.171
2495.08	95.5382
2494.38	102.599
2493.67	99.0449
2492.96	99.029
2492.26	77.7961
2491.55	123.747
2490.84	123.727
2490.14	67.1552
2489.43	127.221
2488.72	88.3338
2488.01	98.918
2487.31	120.095
2486.6	116.545
2485.89	155.368
2485.18	109.446
2484.47	102.369
2483.76	130.587
2483.06	144.682
2482.35	119.961
2481.64	134.052
2480.93	77.5968
2480.22	137.536
2479.51	130.462
2478.8	126.916
2478.09	77.547
2477.38	148.021
2476.67	119.807
2475.97	155.019
2475.26	70.4521
2474.55	116.227
2473.84	147.902
2473.13	126.753
2472.42	154.895
2471.71	56.3165
2471	102.057
2470.28	105.56
2469.57	109.061
2468.86	123.113
2468.15	105.509
2467.44	91.4262
2466.73	119.538
2466.02	137.095
2465.31	119.5
2464.6	122.995
2463.88	105.407
2463.17	115.929
2462.46	91.3235
2461.75	151.011
2461.04	136.941
2460.33	108.833
2459.61	136.897
2458.9	129.856
2458.19	150.89
2457.48	129.814
2456.76	80.6824
2456.05	147.309
2455.34	133.259
2454.62	119.212
2453.91	133.216
2453.2	129.689
2452.48	122.659
2451.77	129.648
2451.06	80.5788
2450.34	147.12
2449.63	108.571
2448.92	143.571
2448.2	143.548
2447.49	94.5165
2446.77	94.5013
2446.06	129.481
2445.35	94.4709
2444.63	150.429
2443.92	164.396
2443.2	160.873
2442.49	143.364
2441.77	97.8911
2441.06	90.8842
2440.34	153.779
2439.62	90.855
2438.91	139.754
2438.19	153.705
2437.48	101.289
2436.76	143.179
2436.05	118.715
2435.33	115.205
2434.61	157.072
2433.9	125.637
2433.18	62.8086
2432.46	146.53
2431.75	118.6
2431.03	136.02
2430.31	132.511
2429.6	108.083
2428.88	122.01
2428.16	132.447
2427.44	115.001
2426.73	111.498
2426.01	101.029
2425.29	94.0462
2424.57	97.5137
2423.86	121.872
2423.14	160.149
2422.42	139.238
2421.7	146.176
2420.98	132.233
2420.26	128.733
2419.55	90.4464
2418.83	135.648
2418.11	114.76
2417.39	111.265
2416.67	104.294
2415.95	132.084
2415.23	166.816
2414.51	114.668
2413.79	142.443
2413.07	131.999
2412.35	107.666
2411.63	100.704
2410.91	121.519
2410.19	86.7856
2409.47	124.951
2408.75	117.99
2408.03	117.971
2407.31	114.483
2406.59	187.306
2405.87	110.978
2405.15	121.363
2404.43	135.211
2403.71	124.79
2402.98	103.975
2402.26	117.819
2401.54	131.659
2400.82	131.638
2400.1	72.7355
2399.38	148.91
2398.65	121.187
2397.93	93.4717
2397.21	124.609
2396.49	121.128
2395.77	110.728
2395.04	148.766
2394.32	148.742
2393.6	124.508
2392.87	155.61
2392.15	86.4362
2391.43	100.25
2390.7	141.71
2389.98	76.027
2389.26	103.656
2388.53	117.458
2387.81	89.8066
2387.09	124.327
2386.36	120.854
2385.64	124.287
2384.91	127.719
2384.19	55.221
2383.47	117.326
2382.74	165.609
2382.02	137.985
2381.29	100.023
2380.57	131.044
2379.84	106.887
2379.12	58.6059
2378.39	103.406
2377.66	113.728
2376.94	148.167
2376.21	134.362
2375.49	106.783
2374.76	117.098
2374.04	106.749
2373.31	165.262
2372.58	117.041
2371.86	92.9296
2371.13	68.8256
2370.4	99.781
2369.68	106.645
2368.95	123.826
2368.22	113.489
2367.5	82.524
2366.77	92.8245
2366.04	123.746
2365.31	109.979
2364.59	89.3431
2363.86	113.379
2363.13	106.49
2362.4	106.473
2361.68	106.456
2360.95	130.473
2360.22	113.287
2359.49	96.1067
2358.76	102.955
2358.03	106.369
2357.31	99.4908
2356.58	154.357
2355.85	113.177
2355.12	123.446
2354.39	137.14
2353.66	92.5544
2352.93	95.9668
2352.2	116.512
2351.47	106.214
2350.74	126.752
2350.01	133.581
2349.28	133.56
2348.55	147.234
2347.82	89.011
2347.09	126.649
2346.36	140.318
2345.63	133.452
2344.9	116.324
2344.17	160.774
2343.44	119.706
2342.71	123.106
2341.98	78.6385
2341.24	140.159
2340.51	143.554
2339.78	157.2
2339.05	109.339
2338.32	85.4073
2337.59	102.472
2336.85	126.362
2336.12	146.829
2335.39	133.149
2334.66	64.8569
2333.92	98.9761
2333.19	98.9601
2332.46	153.534
2331.73	133.041
2330.99	133.019
2330.26	136.408
2329.53	122.747
2328.79	129.546
2328.06	149.976
2327.33	112.464
2326.59	81.7785
2325.86	160.123
2325.13	102.19
2324.39	163.477
2323.66	132.804
2322.92	139.592
2322.19	136.165
2321.45	112.318
2320.72	146.33
2319.98	122.489
2319.25	88.4496
2318.51	125.85
2317.78	102.024
2317.04	102.008
2316.31	115.59
2315.57	122.369
2314.84	129.147
2314.1	139.32
2313.37	112.117
2312.63	118.893
2311.89	125.666
2311.16	159.604
2310.42	139.207
2309.69	98.4472
2308.95	122.19
2308.21	105.202
2307.48	152.688
2306.74	145.879
2306	105.151
2305.26	108.525
2304.53	115.29
2303.79	149.174
2303.05	149.15
2302.31	138.958
2301.58	118.603
2300.84	121.972
2300.1	118.565
2299.36	115.158
2298.62	142.231
2297.89	142.208
2297.15	111.717
2296.41	148.932
2295.67	131.986
2294.93	125.197
2294.19	128.56
2293.45	131.922
2292.71	165.721
2291.97	131.879
2291.24	104.81
2290.5	108.173
2289.76	108.155
2289.02	77.724
2288.28	138.529
2287.54	121.615
2286.8	91.1966
2286.06	114.822
2285.32	128.309
2284.57	108.032
2283.83	138.394
2283.09	124.871
2282.35	84.3589
2281.61	128.205
2280.87	128.184
2280.13	172.008
2279.39	97.7925
2278.65	128.121
2277.9	111.245
2277.16	148.302
2276.42	128.058
2275.68	165.101
2274.94	114.541
2274.19	138.101
2273.45	141.446
2272.71	151.525
2271.97	158.233
2271.22	121.18
2270.48	114.429
2269.74	111.046
2269	158.13
2268.25	117.737
2267.51	121.081
2266.77	127.787
2266.02	117.68
2265.28	137.831
2264.54	154.614
2263.79	151.228
2263.05	151.204
2262.3	117.584
2261.56	114.206
2260.81	151.13
2260.07	151.105
2259.33	97.3629
2258.58	110.774
2257.84	93.9749
2257.09	104.027
2256.35	87.234
2255.6	157.666
2254.85	117.392
2254.11	107.312
2253.36	130.766
2252.62	127.392
2251.87	113.963
2251.13	123.999
2250.38	80.4185
2249.63	144.06
2248.89	120.588
2248.14	127.267
2247.39	93.7604
2246.65	180.794
2245.9	123.857
2245.15	107.102
2244.41	133.856
2243.66	147.217
2242.91	127.122
2242.16	93.6532
2241.42	127.08
2240.67	130.403
2239.92	106.98
2239.17	137.045
2238.43	130.339
2237.68	100.244
2236.93	106.91
2236.18	120.254
2235.43	146.953
2234.68	156.947
2233.94	130.211
2233.19	110.161
2232.44	150.195
2231.69	140.159
2230.94	103.434
2230.19	153.457
2229.44	153.432
2228.69	123.392
2227.94	83.3596
2227.19	103.349
2226.44	113.332
2225.69	116.646
2224.94	163.278
2224.19	126.603
2223.44	113.258
2222.69	166.528
2221.94	126.541
2221.19	149.826
2220.44	133.157
2219.68	93.1948
2218.93	153.081
2218.18	139.746
2217.43	139.724
2216.68	146.353
2215.93	156.306
2215.18	136.33
2214.42	106.386
2213.67	109.693
2212.92	119.645
2212.17	116.303
2211.41	142.863
2210.66	132.874
2209.91	99.6393
2209.16	129.51
2208.4	139.449
2207.65	102.91
2206.9	149.361
2206.14	112.832
2205.39	99.5414
2204.64	152.605
2203.88	135.995
2203.13	152.555
2202.38	132.635
2201.62	125.982
2200.87	102.758
2200.11	125.941
2199.36	86.1561
2198.6	132.526
2197.85	89.4405
2197.09	129.171
2196.34	105.969
2195.58	119.195
2194.83	145.659
2194.07	105.917
2193.32	115.827
2192.56	122.426
2191.81	95.9397
2191.05	155.463
2190.3	109.137
2189.54	201.705
2188.78	128.938
2188.03	152.055
2187.27	142.116
2186.51	112.352
2185.76	115.637
2185	125.529
2184.24	95.7824
2183.49	118.883
2182.73	115.562
2181.97	89.1328
2181.21	122.125
2180.46	135.305
2179.7	98.9877
2178.94	125.364
2178.18	125.343
2177.43	181.388
2176.67	122.005
2175.91	95.6096
2175.15	115.372
2174.39	148.311
2173.63	138.401
2172.87	95.5468
2172.12	118.59
2171.36	144.92
2170.6	115.258
2169.84	154.75
2169.08	111.928
2168.32	138.242
2167.56	151.383
2166.8	151.358
2166.04	101.985
2165.28	134.862
2164.52	164.438
2163.76	101.935
2163	128.22
2162.24	131.486
2161.48	115.031
2160.72	147.873
2159.96	144.563
2159.19	174.104
2158.43	134.662
2157.67	144.492
2156.91	141.185
2156.15	147.727
2155.39	118.162
2154.63	150.96
2153.86	108.28
2153.1	121.384
2152.34	127.925
2151.58	98.3875
2150.82	121.325
2150.05	157.368
2149.29	127.841
2148.53	114.71
2147.76	167.121
2147	114.672
2146.24	157.239
2145.47	127.735
2144.71	130.989
2143.95	88.4031
2143.18	183.324
2142.42	150.563
2141.66	143.993
2140.89	130.881
2140.13	163.575
2139.36	114.483
2138.6	104.653
2137.83	166.764
2137.07	153.659
2136.31	127.483
2135.54	104.584
2134.78	166.654
2134.01	120.886
2133.24	127.399
2132.48	104.515
2131.71	120.826
2130.95	146.926
2130.18	163.225
2129.42	104.447
2128.65	159.907
2127.88	137.041
2127.12	91.3455
2126.35	176.137
2125.58	140.234
2124.82	110.865
2124.05	149.969
2123.28	120.607
2122.52	110.81
2121.75	104.274
2120.98	123.805
2120.22	120.528
2119.45	81.4241
2118.68	140.026
2117.91	113.956
2117.14	149.746
2116.38	100.899
2115.61	143.188
2114.84	130.15
2114.07	117.115
2113.3	123.601
2112.53	120.329
2111.76	149.573
2111	107.285
2110.23	117.019
2109.46	113.749
2108.69	162.472
2107.92	188.437
2107.15	139.68
2106.38	129.913
2105.61	116.903
2104.84	129.871
2104.07	159.065
2103.3	129.828
2102.53	107.09
2101.76	171.965
2100.99	149.228
2100.22	142.716
2099.45	136.206
2098.67	149.154
2097.9	139.403
2097.13	129.656
2096.36	152.321
2095.59	142.575
2094.82	123.112
2094.05	116.613
2093.27	132.788
2092.5	126.289
2091.73	187.784
2090.96	123.011
2090.19	122.99
2089.41	139.15
2088.64	116.478
2087.87	142.339
2087.09	164.957
2086.32	148.76
2085.55	151.969
2084.77	145.478
2084	138.989
2083.23	132.503
2082.45	116.324
2081.68	116.305
2080.91	151.818
2080.13	122.726
2079.36	148.538
2078.58	125.914
2077.81	138.805
2077.03	187.195
2076.26	138.759
2075.49	132.283
2074.71	148.391
2073.94	129.014
2073.16	122.543
2072.38	164.439
2071.61	128.95
2070.83	128.929
2070.06	161.134
2069.28	173.996
2068.51	151.416
2067.73	151.391
2066.95	180.351
2066.18	135.241
2065.4	135.218
2064.62	119.101
2063.85	144.829
2063.07	141.587
2062.29	138.346
2061.52	144.757
2060.74	160.814
2059.96	147.925
2059.18	128.609
2058.41	154.305
2057.63	141.423
2056.85	160.681
2056.07	138.163
2055.29	144.565
2054.52	138.117
2053.74	134.883
2052.96	131.649
2052.18	112.365
2051.4	141.235
2050.62	160.468
2049.84	128.353
2049.06	170.04
2048.28	157.18
2047.5	160.362
2046.73	160.335
2045.95	160.308
2045.17	125.02
2044.39	176.281
2043.61	147.41
2042.83	169.814
2042.04	163.379
2041.26	137.728
2040.48	144.11
2039.7	118.471
2038.92	160.069
2038.14	131.235
2037.36	137.614
2036.58	137.591
2035.8	99.1769
2035.02	159.936
2034.23	147.117
2033.45	150.29
2032.67	147.068
2031.89	172.616
2031.11	111.862
2030.32	178.95
2029.54	178.92
2028.76	169.307
2027.98	130.952
2027.19	159.671
2026.41	162.837
2025.63	134.079
2024.84	121.289
2024.06	172.33
2023.28	162.729
2022.49	143.56
2021.71	143.537
2020.93	149.891
2020.14	146.677
2019.36	184.91
2018.57	137.066
2017.79	165.727
2017	124.274
2016.22	130.626
2015.43	117.862
2014.65	159.247
2013.86	206.986
2013.08	146.458
2012.29	146.434
2011.51	159.141
2010.72	159.114
2009.94	165.451
2009.15	104.98
2008.36	159.035
2007.58	127.207
2006.79	114.467
2006.01	162.134
2005.22	155.75
2004.43	117.588
2003.65	177.941
2002.86	152.495
2002.07	184.235
2001.29	146.093
2000.5	142.893
1999.71	174.618
1998.92	190.461
1998.14	184.081
1997.35	145.971
1996.56	171.329
1995.77	168.128
1994.98	133.211
1994.19	168.072
1993.41	155.362
1992.62	110.954
1991.83	155.31
1991.04	142.608
1990.25	136.247
1989.46	152.064
1988.67	145.704
1987.88	193.184
1987.09	151.988
1986.3	139.299
1985.51	170.93
1984.72	186.725
1983.93	107.587
1983.14	123.388
1982.35	154.999
1981.56	186.601
1980.77	120.164
1979.98	161.245
1979.19	170.702
1978.4	139.067
1977.61	113.763
1976.82	129.542
1976.03	170.588
1975.23	202.145
1974.44	135.793
1973.65	173.66
1972.86	142.062
1972.07	142.038
1971.28	160.95
1970.48	132.525
1969.69	164.051
1968.9	160.869
1968.11	151.381
1967.31	129.283
1966.52	135.567
1965.73	135.544
1964.93	148.128
1964.14	138.65
1963.35	132.326
1962.55	163.804
1961.76	148.029
1960.96	170.048
1960.17	138.534
1959.38	125.919
1958.58	135.34
1957.79	154.199
1956.99	166.759
1956.2	176.169
1955.4	135.25
1954.61	182.4
1953.81	176.081
1953.02	135.182
1952.22	185.452
1951.43	150.851
1950.63	157.11
1949.84	166.509
1949.04	147.634
1948.24	163.312
1947.45	97.343
1946.65	119.304
1945.86	134.979
1945.06	156.926
1944.26	169.452
1943.47	147.461
1942.67	131.752
1941.87	185.049
1941.07	156.795
1940.28	156.769
1939.48	175.551
1938.68	134.776
1937.88	166.091
1937.09	144.131
1936.29	203.629
1935.49	166.008
1934.69	147.19
1933.89	140.903
1933.09	175.317
1932.3	153.376
1931.5	165.869
1930.7	118.905
1929.9	168.942
1929.1	137.633
1928.3	175.141
1927.5	128.206
1926.7	200.094
1925.9	146.919
1925.1	150.02
1924.3	190.618
1923.5	149.97
1922.7	115.582
1921.9	153.043
1921.1	146.771
1920.3	149.869
1919.5	177.94
1918.7	168.546
1917.9	156.035
1917.1	121.687
1916.29	109.188
1915.49	137.242
1914.69	143.456
1913.89	190.204
1913.09	146.526
1912.29	165.203
1911.48	143.36
1910.68	171.38
1909.88	162.005
1909.08	137.058
1908.27	180.637
1907.47	165.037
1906.67	171.236
1905.86	146.305
1905.06	155.617
1904.26	177.374
1903.45	130.675
1902.65	174.203
1901.85	146.182
1901.04	158.596
1900.24	161.679
1899.43	155.434
1898.63	167.841
1897.83	170.921
1897.02	127.392
1896.22	136.69
1895.41	136.668
1894.61	164.595
1893.8	161.462
1893	158.33
1892.19	145.888
1891.38	189.312
1890.58	167.559
1889.77	161.326
1888.97	217.134
1888.16	145.765
1887.36	173.649
1886.55	142.616
1885.74	154.991
1884.94	195.256
1884.13	179.73
1883.32	173.503
1882.51	226.135
1881.71	133.181
1880.9	182.705
1880.09	167.194
1879.29	185.74
1878.48	157.852
1877.67	173.299
1876.86	145.423
1876.05	216.551
1875.25	176.304
1874.44	142.257
1873.63	163.877
1872.82	145.3
1872.01	194.732
1871.2	169.975
1870.39	169.947
1869.58	210.081
1868.77	176.067
1867.96	172.949
1867.16	151.305
1866.35	132.756
1865.54	157.428
1864.73	166.66
1863.92	163.546
1863.11	172.775
1862.29	144.983
1861.48	160.38
1860.67	200.441
1859.86	175.742
1859.05	92.48
1858.24	175.682
1857.43	181.816
1856.62	212.597
1855.81	181.755
1854.99	224.845
1854.18	197.091
1853.37	172.426
1852.56	157.004
1851.75	76.9499
1850.93	193.881
1850.12	175.387
1849.31	135.363
1848.5	159.948
1847.68	190.675
1846.87	181.418
1846.06	162.942
1845.24	209.022
1844.43	181.327
1843.62	138.277
1842.8	172.049
1841.99	181.235
1841.18	181.204
1840.36	187.315
1839.55	168.862
1838.73	153.485
1837.92	165.736
1837.1	159.571
1836.29	162.612
1835.47	165.652
1834.66	159.49
1833.84	153.33
1833.03	168.635
1832.21	171.672
1831.4	190.033
1830.58	183.872
1829.76	140.945
1828.95	143.984
1828.13	177.653
1827.32	202.123
1826.5	165.345
1825.68	162.256
1824.87	162.228
1824.05	198.926
1823.23	195.832
1822.42	198.859
1821.6	186.59
1820.78	125.392
1819.96	180.411
1819.15	189.552
1818.33	189.52
1817.51	210.882
1816.69	180.289
1815.87	152.762
1815.05	158.845
1814.24	177.144
1813.42	171.006
1812.6	146.552
1811.78	192.317
1810.96	158.711
1810.14	170.891
1809.32	146.453
1808.5	192.187
1807.68	161.654
1806.86	146.379
1806.04	140.256
1805.22	155.475
1804.4	152.401
1803.58	234.657
1802.76	158.443
1801.94	191.927
1801.12	152.298
1800.3	188.817
1799.48	158.336
1798.66	164.398
1797.84	219.16
1797.01	216.08
1796.19	185.614
1795.37	200.795
1794.55	179.468
1793.73	197.686
1792.91	173.326
1792.08	203.699
1791.26	151.989
1790.44	203.63
1789.62	203.596
1788.79	161.026
1787.97	182.263
1787.15	170.083
1786.32	191.311
1785.5	191.279
1784.68	166.961
1783.85	163.898
1783.03	169.939
1782.2	191.149
1781.38	185.05
1780.56	172.886
1779.73	142.531
1778.91	151.603
1778.08	175.83
1777.26	169.738
1776.43	187.892
1775.61	181.8
1774.78	199.946
1773.96	199.913
1773.13	181.708
1772.31	166.537
1771.48	196.783
1770.65	172.535
1769.83	166.453
1769	190.632
1768.18	196.65
1767.35	157.293
1766.52	172.388
1765.7	193.526
1764.87	196.517
1764.04	184.392
1763.21	208.539
1762.39	145.046
1761.56	208.469
1760.73	181.246
1759.9	184.236
1759.08	181.185
1758.25	199.269
1757.42	193.198
1756.59	169.02
1755.76	132.779
1754.94	199.134
1754.11	196.084
1753.28	214.147
1752.45	135.704
1751.62	174.878
1750.79	198.965
1749.96	189.889
1749.13	195.884
1748.3	162.707
1747.47	225.943
1746.64	216.869
1745.81	171.659
1744.98	174.64
1744.15	159.558
1743.32	180.601
1742.49	183.58
1741.66	207.621
1740.83	141.399
1740	192.51
1739.17	159.396
1738.33	216.5
1737.5	195.419
1736.67	192.379
1735.84	258.466
1735.01	144.236
1734.17	198.29
1733.34	201.26
1732.51	207.233
1731.68	219.209
1730.85	231.181
1730.01	210.129
1729.18	189.084
1728.35	177.048
1727.51	195.02
1726.68	218.985
1725.85	206.951
1725.01	173.929
1724.18	185.893
1723.34	197.852
1722.51	203.813
1721.68	176.808
1720.84	224.717
1720.01	158.773
1719.17	188.698
1718.34	185.671
1717.5	191.628
1716.67	191.596
1715.83	188.57
1715	218.464
1714.16	242.364
1713.33	209.415
1712.49	149.557
1711.65	174.932
1710.82	200.312
1709.98	225.696
1709.15	251.084
1708.31	260.007
1707.47	212.154
1706.64	241.993
1705.8	212.081
1704.96	238.924
1704.12	212.009
1703.29	208.987
1702.45	208.952
1701.61	229.808
1700.77	205.896
1699.94	196.911
1699.1	256.537
1698.26	199.826
1697.42	247.504
1696.58	211.684
1695.74	217.61
1694.91	223.534
1694.07	193.696
1693.23	241.334
1692.39	235.335
1691.55	226.359
1690.71	166.763
1689.87	211.395
1689.03	214.336
1688.19	235.134
1687.35	211.287
1686.51	232.079
1685.67	211.215
1684.83	231.999
1683.99	214.117
1683.15	231.92
1682.31	211.071
1681.47	187.256
1680.62	231.801
1679.78	199.078
1678.94	264.401
1678.1	240.594
1677.26	216.794
1676.42	207.849
1675.57	216.72
1674.73	213.715
1673.89	246.324
1673.05	201.773
1672.2	258.107
1671.36	222.468
1670.52	272.847
1669.67	240.183
1668.83	266.824
1667.99	248.994
1667.14	254.878
1666.3	278.54
1665.46	269.605
1664.61	281.407
1663.77	310.976
1662.92	275.389
1662.08	257.578
1661.24	296.016
1660.39	236.772
1659.55	257.446
1658.7	286.988
1657.86	310.604
1657.01	286.89
1656.17	289.798
1655.32	313.401
1654.47	269.006
1653.63	274.871
1652.78	325.061
1651.94	316.142
1651.09	319.042
1650.24	345.569
1649.4	348.463
1648.55	333.641
1647.7	336.536
1646.86	357.139
1646.01	392.49
1645.16	362.918
1644.31	356.956
1643.47	368.693
1642.62	353.884
1641.77	395.103
1640.92	377.347
1640.07	394.968
1639.23	444.999
1638.38	450.816
1637.53	391.819
1636.68	480.117
1635.83	406.41
1634.98	444.618
1634.13	450.43
1633.28	447.41
1632.43	509.136
1631.59	497.278
1630.74	520.729
1629.89	526.523
1629.04	479.377
1628.19	541.044
1627.33	576.231
1626.48	579.072
1625.63	573.095
1624.78	552.427
1623.93	590.526
1623.08	610.987
1622.23	634.377
1621.38	675.378
1620.53	660.583
1619.68	727.984
1618.82	736.664
1617.97	674.915
1617.12	742.279
1616.27	733.352
1615.41	668.702
1614.56	859.193
1613.71	715.383
1612.86	768.025
1612	750.308
1611.15	782.414
1610.3	817.438
1609.44	814.368
1608.59	834.731
1607.74	866.799
1606.88	872.506
1606.03	851.865
1605.17	960.013
1604.32	869.131
1603.47	904.092
1602.61	924.414
1601.76	997.377
1600.9	938.718
1600.05	976.567
1599.19	874.082
1598.34	917.775
1597.48	940.996
1596.62	899.928
1595.77	896.852
1594.91	946.352
1594.06	957.871
1593.2	922.668
1592.34	910.832
1591.49	904.838
1590.63	925.111
1589.77	846.171
1588.92	898.537
1588.06	837.129
1587.2	921.559
1586.35	839.757
1585.49	848.359
1584.63	862.787
1583.77	813.095
1582.91	856.662
1582.06	774.942
1581.2	774.809
1580.34	774.676
1579.48	803.66
1578.62	742.385
1577.76	695.684
1576.9	768.322
1576.05	715.813
1575.19	712.781
1574.33	677.752
1573.47	706.719
1572.61	732.767
1571.75	694.846
1570.89	630.777
1570.03	639.387
1569.17	604.407
1568.31	563.629
1567.45	650.676
1566.59	598.287
1565.72	647.548
1564.86	659.05
1564	627.005
1563.14	560.145
1562.28	609.379
1561.42	530.938
1560.56	623.673
1559.69	507.553
1558.83	548.063
1557.97	553.767
1557.11	571.064
1556.24	623.135
1555.38	533.196
1554.52	559.18
1553.66	524.322
1552.79	501.061
1551.93	512.558
1551.07	547.213
1550.2	492.117
1549.34	578.862
1548.47	535.355
1547.61	523.689
1546.75	523.599
1545.88	506.155
1545.02	540.769
1544.15	474.176
1543.29	520.347
1542.42	500.025
1541.56	523.057
1540.69	479.627
1539.83	522.877
1538.96	473.685
1538.1	505.369
1537.23	482.183
1536.36	473.44
1535.5	479.131
1534.63	516.564
1533.76	452.997
1532.9	513.501
1532.03	504.759
1531.16	478.717
1530.3	498.818
1529.43	472.786
1528.56	415.058
1527.7	446.686
1526.83	469.66
1525.96	498.387
1525.09	504.062
1524.22	463.657
1523.36	495.25
1522.49	428.95
1521.62	477.808
1520.75	489.237
1519.88	399.954
1519.01	514.96
1518.14	497.613
1517.27	373.864
1516.4	465.811
1515.53	491.605
1514.66	471.399
1513.8	451.2
1512.93	479.856
1512.05	425.188
1511.18	442.349
1510.31	505.454
1509.44	482.396
1508.57	444.99
1507.7	410.469
1506.83	464.926
1505.96	467.715
1505.09	444.683
1504.22	392.974
1503.34	464.604
1502.47	450.187
1501.6	435.774
1500.73	461.497
1499.86	452.819
1498.98	447.01
1498.11	432.607
1497.24	486.957
1496.37	426.73
1495.49	458.154
1494.62	452.349
1493.75	406.471
1492.87	463.64
1492	423.499
1491.12	489.228
1490.25	443.376
1489.38	443.299
1488.5	408.908
1487.63	454.581
1486.75	483.087
1485.88	440.134
1485	454.345
1484.13	417.125
1483.25	439.905
1482.38	422.692
1481.5	402.63
1480.63	456.806
1479.75	456.727
1478.88	422.399
1478	493.665
1477.12	433.665
1476.25	439.295
1475.37	462.035
1474.49	464.807
1473.62	456.173
1472.74	461.795
1471.86	447.464
1470.98	435.988
1470.11	455.856
1469.23	489.961
1468.35	438.61
1467.47	461.314
1466.6	466.929
1465.72	481.081
1464.84	486.689
1463.96	443.92
1463.08	455.224
1462.2	497.815
1461.32	446.533
1460.45	477.736
1459.57	469.124
1458.69	437.773
1457.81	468.961
1456.93	505.821
1456.05	429.021
1455.17	454.513
1454.29	468.635
1453.41	445.836
1452.53	408.848
1451.65	510.972
1450.76	505.206
1449.88	439.851
1449	468.147
1448.12	485.086
1447.24	465.148
1446.36	493.425
1445.48	507.515
1444.59	473.409
1443.71	507.339
1442.83	507.25
1441.95	490.162
1441.07	475.913
1440.18	484.327
1439.3	484.243
1438.42	458.677
1437.53	486.906
1436.65	469.839
1435.77	481.076
1434.88	472.505
1434	480.909
1433.12	494.967
1432.23	489.225
1431.35	486.313
1430.46	534.286
1429.58	525.713
1428.69	505.84
1427.81	494.451
1426.92	587.588
1426.04	480.156
1425.15	511.136
1424.27	561.87
1423.38	482.728
1422.5	471.354
1421.61	561.576
1420.72	544.549
1419.84	496.497
1418.95	513.334
1418.07	558.365
1417.18	510.336
1416.29	513.066
1415.41	563.71
1414.52	535.431
1413.63	566.331
1412.74	552.147
1411.86	546.418
1410.97	580.116
1410.08	563.121
1409.19	596.804
1408.3	596.7
1407.42	554.384
1406.53	596.492
1405.64	596.388
1404.75	548.469
1403.86	604.617
1402.97	621.381
1402.08	638.14
1401.19	604.3
1400.3	668.83
1399.41	604.09
1398.52	657.36
1397.63	612.305
1396.74	648.705
1395.85	642.977
1394.96	617.599
1394.07	656.786
1393.18	606.158
1392.29	659.363
1391.4	628.389
1390.51	633.889
1389.62	692.67
1388.72	639.276
1387.83	625.147
1386.94	695.11
1386.05	717.407
1385.16	686.461
1384.26	694.746
1383.37	717.031
1382.48	688.902
1381.59	761.58
1380.69	736.252
1379.8	758.515
1378.91	727.599
1378.01	727.472
1377.12	749.725
1376.22	724.421
1375.33	682.347
1374.44	754.924
1373.54	777.156
1372.65	774.225
1371.75	771.295
1370.86	751.602
1369.96	807.342
1369.07	756.925
1368.17	834.986
1367.28	896.266
1366.38	837.485
1365.49	884.788
1364.59	851.146
1363.69	837.046
1362.8	856.427
1361.9	870.223
1361.01	878.437
1360.11	908.954
1359.21	880.917
1358.32	953.231
1357.42	964.211
1356.52	964.042
1355.62	1005.66
1354.73	882.932
1353.83	882.777
1352.93	941.093
1352.03	924.226
1351.13	976.947
1350.24	932.25
1349.34	1015.56
1348.44	995.907
1347.54	970.7
1346.64	1062.3
1345.74	1095.48
1344.84	1020.23
1343.94	1067.3
1343.04	1117.13
1342.14	1016.91
1341.24	1136.19
1340.34	1127.66
1339.44	1105.24
1338.54	1077.28
1337.64	1110.41
1336.74	1085.23
1335.84	1179.39
1334.94	1159.77
1334.04	1115.18
1333.14	1184.32
1332.24	1206.3
1331.33	1167.27
1330.43	1219.74
1329.53	1247.24
1328.63	1235.94
1327.73	1202.47
1326.82	1274.28
1325.92	1249.13
1325.02	1295.99
1324.11	1287.46
1323.21	1303.84
1322.31	1237.19
1321.4	1328.29
1320.5	1361.26
1319.6	1294.63
1318.69	1391.2
1317.79	1352.24
1316.89	1368.6
1315.98	1412.59
1315.08	1310.07
1314.17	1284.97
1313.27	1353.82
1312.36	1392.26
1311.46	1353.35
1310.55	1372.44
1309.65	1352.87
1308.74	1355.39
1307.83	1385.51
1306.93	1418.39
1306.02	1473.32
1305.12	1412.37
1304.21	1395.57
1303.3	1356.72
1302.4	1403.35
1301.49	1378.3
1300.58	1342.23
1299.68	1377.81
1298.77	1424.41
1297.86	1391.1
1296.95	1352.3
1296.04	1442.93
1295.14	1434.42
1294.23	1409.39
1293.32	1447.68
1292.41	1463.93
1291.5	1353.62
1290.59	1394.65
1289.69	1386.15
1288.78	1388.66
1287.87	1421.41
1286.96	1330.44
1286.05	1368.69
1285.14	1393.18
1284.23	1357.22
1283.32	1403.67
1282.41	1389.7
1281.5	1370.23
1280.59	1309.59
1279.68	1279.16
1278.76	1289.91
1277.85	1229.32
1276.94	1333.36
1276.03	1355.07
1275.12	1302.72
1274.21	1332.65
1273.3	1296.78
1272.38	1271.88
1271.47	1222.32
1270.56	1312.53
1269.65	1224.63
1268.73	1240.85
1267.82	1202.29
1266.91	1256.84
1266	1234.72
1265.08	1193.44
1264.17	1308.18
1263.25	1162.92
1262.34	1201.02
1261.43	1192.6
1260.51	1200.6
1259.6	1148.43
1258.68	1085.35
1257.77	1197.23
1256.85	1172.42
1255.94	1090.24
1255.02	1161.08
1254.11	1119.9
1253.19	1056.89
1252.28	1037.59
1251.36	1059.25
1250.45	1135.49
1249.53	1077.98
1248.61	1042.32
1247.7	1025.77
1246.78	949.211
1245.86	1006.31
1244.95	1019.77
1244.03	997.78
1243.11	1030.31
1242.2	951.099
1241.28	920.959
1240.36	961.66
1239.44	972.385
1238.53	972.214
1237.61	906.694
1236.69	944.647
1235.77	941.758
1234.85	974.248
1233.93	857.078
1233.01	862.368
1232.09	870.375
1231.18	845.746
1230.26	883.662
1229.34	859.04
1228.42	910.53
1227.5	885.911
1226.58	880.321
1225.66	847.566
1224.74	844.7
1223.82	877.138
1222.89	814.535
1221.97	865.97
1221.05	776.249
1220.13	795.108
1219.21	846.518
1218.29	797.539
1217.37	805.535
1216.44	780.986
1215.52	764.581
1214.6	802.397
1213.68	772.441
1212.76	747.916
1211.83	750.493
1210.91	736.816
1209.99	807.104
1209.06	777.174
1208.14	790.573
1207.22	703.811
1206.29	706.392
1205.37	727.915
1204.44	754.842
1203.52	746.593
1202.6	676.142
1201.67	730.104
1200.75	702.939
1199.82	754.174
1198.9	672.961
1197.97	686.352
1197.05	702.441
1196.12	777.95
1195.2	691.389
1194.27	731.77
1193.34	645.248
1192.42	709.917
1191.49	685.501
1190.56	655.698
1189.64	647.488
1188.71	658.163
1187.78	655.349
1186.86	647.144
1185.93	692.86
1185	714.301
1184.07	598.29
1183.15	627.823
1182.22	713.922
1181.29	676.085
1180.36	638.262
1179.43	683.923
1178.51	673.033
1177.58	656.764
1176.65	694.324
1175.72	645.768
1174.79	696.768
1173.86	658.988
1172.93	666.938
1172	701.774
1171.07	688.208
1170.14	682.71
1169.21	634.217
1168.28	636.791
1167.35	604.441
1166.42	633.879
1165.49	663.306
1164.56	593.379
1163.62	598.643
1162.69	601.22
1161.76	611.848
1160.83	630.521
1159.9	630.409
1158.97	635.661
1158.03	638.23
1157.1	630.073
1156.17	635.322
1155.24	608.407
1154.3	613.658
1153.37	576.04
1152.44	578.616
1151.5	559.765
1150.57	530.21
1149.64	607.759
1148.7	524.667
1147.77	588.808
1146.83	572.647
1145.9	559.168
1144.96	513.594
1144.03	566.993
1143.09	529.456
1142.16	499.953
1141.22	550.652
1140.29	547.881
1139.35	571.833
1138.42	510.284
1137.48	472.796
1136.55	544.821
1135.61	493.99
1134.67	488.562
1133.74	491.145
1132.8	488.389
1131.86	453.613
1130.93	426.854
1129.99	456.119
1129.05	458.705
1128.11	490.62
1127.18	463.874
1126.24	461.125
1125.3	493.023
1124.36	428.987
1123.42	423.583
1122.48	442.152
1121.55	415.442
1120.61	439.332
1119.67	455.226
1118.73	396.589
1117.79	404.502
1116.85	431.037
1115.91	420.319
1114.97	441.522
1114.03	446.762
1113.09	428.071
1112.15	457.236
1111.21	433.234
1110.27	417.212
1109.33	382.598
1108.39	438.315
1107.44	355.901
1106.5	382.393
1105.56	390.29
1104.62	390.22
1103.68	355.647
1102.74	334.355
1101.79	392.664
1100.85	371.373
1099.91	413.742
1098.96	387.151
1098.02	397.687
1097.08	368.457
1096.14	400.195
1095.19	333.878
1094.25	339.117
1093.3	347.003
1092.36	381.37
1091.42	389.246
1090.47	373.292
1089.53	367.931
1088.58	349.34
1087.64	367.8
1086.69	343.924
1085.75	367.668
1084.8	349.09
1083.86	367.537
1082.91	351.609
1081.97	335.687
1081.02	369.983
1080.07	380.486
1079.13	361.925
1078.18	327.523
1077.23	385.563
1076.29	332.687
1075.34	335.267
1074.39	337.847
1073.45	335.148
1072.5	364.111
1071.55	371.96
1070.6	340.243
1069.65	345.456
1068.71	319.028
1067.76	300.518
1066.81	334.728
1065.86	368.926
1064.91	287.184
1063.96	316.109
1063.01	294.982
1062.06	323.896
1061.12	300.142
1060.17	302.721
1059.22	334.249
1058.27	278.93
1057.32	352.546
1056.36	305.135
1055.41	286.67
1054.46	339.209
1053.51	262.906
1052.56	307.545
1051.61	344.283
1050.66	307.435
1049.71	349.414
1048.76	330.965
1047.8	299.391
1046.85	275.705
1045.9	267.78
1044.95	333.352
1043.99	322.795
1043.04	333.233
1042.09	296.446
1041.14	280.655
1040.18	241.267
1039.23	298.908
1038.27	335.556
1037.32	296.18
1036.37	330.194
1035.41	327.515
1034.46	277.683
1033.5	238.345
1032.55	254.015
1031.59	295.861
1030.64	282.719
1029.68	285.286
1028.73	308.786
1027.77	264.253
1026.82	240.662
1025.86	300.774
1024.91	298.105
1023.95	264.063
1022.99	271.858
1022.04	240.446
1021.08	224.725
1020.12	235.135
1019.17	276.887
1018.21	295.119
1017.25	268.954
1016.29	258.463
1015.34	274.078
1014.38	263.589
1013.42	253.105
1012.46	276.539
1011.5	255.622
1010.54	310.343
1009.59	242.493
1008.63	297.196
1007.67	286.717
1006.71	255.393
1005.75	286.614
1004.79	273.537
1003.83	273.487
1002.87	257.813
1001.91	252.559
1000.95	247.308
999.988	278.496
999.028	244.616
998.067	231.563
997.106	231.522
996.145	286.099
995.183	275.646
994.222	304.196
993.26	270.347
992.298	262.502
991.336	231.272
990.374	277.996
989.411	241.579
988.449	228.55
987.486	249.282
986.523	236.256
985.56	210.256
984.597	277.696
983.633	230.939
982.67	246.464
981.706	282.734
980.742	220.441
979.778	282.632
978.813	269.618
977.849	230.69
976.884	235.831
975.919	194.331
974.954	240.927
973.989	243.474
973.024	277.096
972.058	245.976
971.092	230.399
970.127	243.299
969.16	256.194
968.194	235.449
967.228	248.341
966.261	268.988
965.294	253.423
964.328	222.352
963.36	253.332
962.393	230.025
961.426	235.152
960.458	235.11
959.49	219.568
958.522	271.183
957.554	247.894
956.586	227.195
955.617	229.735
954.649	232.274
953.68	239.974
952.711	237.35
951.741	239.887
950.772	216.633
949.803	260.429
948.833	216.555
947.863	242.292
946.893	198.437
945.923	219.014
944.952	283.379
943.982	244.692
943.011	224.046
942.04	239.454
941.069	221.391
940.097	244.516
939.126	208.444
938.154	223.844
937.182	228.948
936.21	234.051
935.238	249.438
934.266	251.964
933.293	215.93
932.321	215.891
931.348	249.258
930.375	202.967
929.401	208.068
928.428	249.122
927.454	241.374
926.481	231.061
925.507	233.586
924.533	220.712
923.558	238.634
922.584	295.031
921.609	233.417
920.634	251.327
919.659	210.256
918.684	207.654
917.709	181.985
916.733	222.955
915.758	230.602
914.782	274.11
913.806	202.344
912.829	227.916
911.853	266.28
910.876	207.354
909.9	240.589
908.923	268.695
907.945	258.412
906.968	255.807
905.991	242.973
905.013	240.372
904.035	173.854
903.057	240.285
902.079	250.464
901.101	245.308
900.122	250.373
899.143	227.339
898.165	247.729
897.185	260.451
896.206	283.381
895.227	255.252
894.247	265.414
893.267	301.088
892.287	260.215
891.307	260.168
890.327	252.47
889.347	257.524
888.366	280.421
887.385	270.175
886.404	265.029
885.423	282.816
884.441	259.838
883.46	224.133
882.478	259.744
881.496	216.414
880.514	249.467
879.532	249.422
878.549	239.198
877.567	251.876
876.584	241.655
875.601	241.611
874.618	236.482
873.634	261.862
872.651	277.066
871.667	251.601
870.683	264.261
869.699	254.051
868.715	314.965
867.731	241.26
866.746	225.982
865.761	253.866
864.776	296.969
863.791	266.463
862.806	291.787
861.82	286.66
860.835	278.999
859.849	253.589
858.863	278.898
857.877	276.312
856.89	276.262
855.904	243.269
854.917	301.497
853.93	281.178
852.943	286.192
851.956	253.221
850.968	265.834
849.981	243.004
848.993	242.96
848.005	258.098
847.017	273.23
846.028	260.533
845.04	300.95
844.051	252.853
843.062	242.695
842.073	230.012
841.084	267.878
840.094	250.142
839.105	239.992
838.115	222.268
837.125	242.43
836.135	265.109
835.144	277.683
834.154	265.013
833.163	247.3
832.172	227.071
831.181	254.778
830.19	269.864
829.199	279.901
828.207	244.554
827.215	247.03
826.223	259.586
825.231	239.381
824.239	272.089
823.246	259.445
822.254	249.324
821.261	216.545
820.268	231.61
819.274	234.085
818.281	249.142
817.287	241.548
816.294	259.114
815.3	243.975
814.306	241.416
813.311	233.829
812.317	276.522
811.322	268.931
810.327	231.188
809.332	228.634
808.337	281.344
807.342	251.154
806.346	258.642
805.35	210.893
804.354	228.425
803.358	215.835
802.362	255.944
801.365	250.879
800.369	235.784
799.372	215.678
798.375	248.235
797.378	288.301
796.38	225.586
795.383	253.111
794.385	192.93
793.387	263.039
792.389	235.44
791.39	247.918
790.392	277.917
789.393	282.873
788.394	280.319
787.395	237.727
786.396	240.185
785.397	280.165
784.397	252.603
783.397	222.55
782.397	227.509
781.397	249.965
780.397	259.916
779.396	247.375
778.396	232.34
777.395	232.297
776.394	232.255
775.392	264.672
774.391	217.191
773.389	272.063
772.388	267.022
771.386	286.934
770.384	284.387
769.381	271.864
768.379	244.384
767.376	254.312
766.373	224.352
765.37	254.219
764.367	204.335
763.363	214.263
762.36	256.57
761.356	263.995
760.352	268.927
759.348	276.346
758.343	258.872
757.339	258.824
756.334	266.242
755.329	243.803
754.324	276.094
753.319	256.148
752.313	216.318
751.308	288.372
750.302	243.58
749.296	243.535
748.29	265.852
747.283	226.057
746.277	255.82
745.27	208.591
744.263	265.657
743.256	230.856
742.249	282.933
741.241	240.697
740.233	243.134
739.226	257.972
738.218	275.285
737.209	225.643
736.201	282.622
735.192	242.911
734.183	250.301
733.175	242.822
732.165	230.391
731.156	230.349
730.146	227.83
729.137	279.783
728.127	230.222
727.117	267.305
726.107	222.713
725.096	242.466
724.085	225.105
723.075	232.484
722.064	239.859
721.052	274.428
720.041	259.546
719.029	289.156
718.018	252.038
717.006	214.934
715.994	266.766
714.981	274.126
713.969	251.853
712.956	264.15
711.943	249.292
710.93	224.569
709.917	256.603
708.904	271.357
707.89	224.445
706.876	219.472
705.862	258.88
704.848	239.112
703.834	226.745
702.819	239.024
701.804	243.907
700.789	248.789
699.774	268.446
698.759	233.923
697.744	236.342
696.728	241.222
695.712	243.638
694.696	258.357
693.68	236.168
692.663	263.181
691.647	196.735
690.63	263.084
689.613	218.787
688.596	248.24
687.579	223.621
686.561	221.123
685.543	238.277
684.525	270.162
683.507	221.001
682.489	245.511
681.471	216.01
680.452	220.879
679.433	233.107
678.414	272.317
677.395	289.437
676.375	228.073
675.356	272.166
674.336	281.922
673.316	227.947
672.296	272.016
671.276	222.963
670.255	249.869
669.234	266.967
668.213	276.713
667.192	301.145
666.171	232.549
665.149	237.401
664.128	242.251
663.106	259.332
662.084	234.824
661.062	229.889
660.039	261.634
659.017	234.694
657.994	215.096
656.971	259.046
655.948	271.215
654.924	266.279
653.901	222.265
652.877	212.456
651.853	268.573
650.829	234.348
649.805	287.999
648.78	226.941
647.756	229.339
646.731	253.689
645.706	221.937
644.68	238.965
643.655	263.301
642.629	212.064
641.603	248.581
640.577	263.155
639.551	238.745
638.525	265.494
637.498	250.833
636.471	255.656
635.445	284.821
634.417	216.619
633.39	257.948
632.362	291.963
631.335	231.094
630.307	240.78
629.279	269.916
628.25	257.71
627.222	257.662
626.193	238.172
625.164	296.445
624.135	230.796
623.106	298.764
622.077	279.281
621.047	264.661
620.017	242.763
618.987	242.718
617.957	230.54
616.927	213.513
615.896	235.306
614.865	283.77
613.834	281.293
612.803	242.449
611.772	242.404
610.74	225.394
609.709	254.43
608.677	256.806
607.645	293.092
606.612	309.99
605.58	271.191
604.547	273.562
603.514	273.511
602.481	271.04
601.448	222.599
600.415	246.749
599.381	253.959
598.347	234.567
597.313	265.954
596.279	217.558
595.245	256.188
594.21	260.973
593.175	244.013
592.14	214.982
591.105	265.659
590.07	236.634
589.034	251.075
587.998	236.546
586.963	236.502
585.926	270.238
584.89	250.889
583.854	265.314
582.817	262.853
581.78	279.682
580.743	262.756
579.706	250.656
578.668	209.645
577.63	262.61
576.593	228.837
575.555	264.921
574.516	248.016
573.478	291.304
572.439	255.145
571.4	247.878
570.361	221.364
569.322	279.06
568.283	235.714
567.243	238.075
566.203	245.243
565.164	250.006
564.123	269.187
563.083	230.689
562.042	216.231
561.002	225.799
559.961	254.577
558.92	278.542
557.878	256.883
556.837	273.638
555.795	242.388
554.753	263.938
553.711	239.899
552.669	249.449
551.626	247.005
550.584	258.947
549.541	249.31
548.498	234.883
547.454	256.406
546.411	251.567
545.367	258.706
544.323	253.868
543.279	256.216
542.235	229.833
541.191	251.333
540.146	224.961
539.101	246.454
538.056	208.131
537.011	248.754
535.966	272.622
534.92	267.789
533.874	246.225
532.828	231.838
531.782	265.25
530.736	262.812
529.689	246.041
528.642	236.442
527.595	214.908
526.548	238.742
525.501	233.923
524.453	231.493
523.406	255.311
522.358	217.093
521.309	245.675
520.261	267.092
519.213	271.811
518.164	224.083
517.115	266.943
516.066	257.361
515.017	266.843
513.967	278.704
512.917	223.874
511.867	242.882
510.817	230.933
509.767	249.933
508.717	245.126
507.666	266.495
506.615	247.414
505.564	228.339
504.513	233.053
503.461	249.653
502.41	221.08
501.358	263.82
500.306	235.255
499.253	223.332
498.201	239.919
497.148	251.749
496.096	263.574
495.043	263.525
493.989	265.85
492.936	234.948
491.882	294.224
490.828	270.445
489.774	294.114
488.72	241.887
487.666	289.262
486.611	251.279
485.556	253.602
484.501	274.882
483.446	260.615
482.391	300.836
481.335	281.833
480.279	269.941
479.223	265.155
478.167	310.079
477.111	307.655
476.054	302.865
474.998	309.905
473.941	307.482
472.883	283.777
471.826	307.367
470.769	269.487
469.711	281.254
468.653	304.832
467.595	295.324
466.536	285.821
465.478	285.767
464.419	295.159
463.36	347.042
462.301	302.13
461.242	335.112
460.182	304.376
459.122	283.087
458.062	325.49
457.002	304.205
455.942	297.075
454.881	271.089
453.821	256.897
452.76	320.472
451.698	310.988
450.637	322.708
449.576	306.162
448.514	284.913
447.452	322.527
446.39	261.268
445.327	308.286
444.265	305.875
443.202	282.293
442.139	279.889
441.076	301
440.013	298.593
438.949	298.537
437.886	293.78
436.822	303.124
435.758	324.212
434.693	321.802
433.629	331.136
432.564	244.196
431.499	293.45
430.434	293.395
429.369	295.687
428.303	300.324
427.237	281.501
426.172	293.175
425.105	304.845
424.039	302.443
422.973	290.666
421.906	288.268
420.839	349.137
419.772	330.329
418.705	222.52
417.637	302.103
416.569	259.9
415.501	311.353
414.433	269.165
413.365	278.475
412.296	301.819
411.228	290.066
410.159	297.028
409.09	325.033
408.02	271.199
406.951	259.461
405.881	264.086
404.811	299.086
403.741	310.711
402.671	334.01
401.6	270.894
400.529	340.889
399.458	287.133
398.387	301.083
397.316	294.026
396.244	314.968
395.173	307.911
394.101	265.873
393.029	307.795
391.956	284.424
390.884	298.356
389.811	295.969
388.738	277.273
387.665	279.551
386.592	312.106
385.518	309.719
384.444	295.691
383.37	286.324
382.296	314.199
381.222	318.794
380.147	293.142
379.072	272.152
377.997	313.963
376.922	306.928
375.847	285.947
374.771	299.839
373.696	278.868
372.62	283.462
371.543	283.409
370.467	294.968
369.39	278.658
368.314	297.179
367.237	324.978
366.159	297.067
365.082	271.487
364.004	310.875
362.927	338.65
361.849	280.609
360.77	259.689
359.692	292.095
358.613	315.217
357.535	296.619
356.456	284.979
355.376	284.925
354.297	298.768
353.217	268.609
352.137	263.928
351.057	305.543
349.977	300.857
348.897	307.741
347.816	347.011
346.735	289.122
345.654	289.067
344.573	286.7
343.491	309.763
342.41	316.638
341.328	348.929
340.246	348.864
339.163	304.909
338.081	297.923
336.998	256.304
335.915	313.971
334.832	297.754
333.749	332.314
332.665	281.491
331.582	311.427
330.498	288.304
329.414	311.309
328.329	299.723
327.245	304.276
326.16	324.961
325.075	297.249
323.99	271.851
322.904	283.316
321.819	306.292
320.733	340.772
319.647	338.405
318.561	287.705
317.475	345.181
316.388	273.792
315.301	285.242
314.214	296.687
313.127	292.032
312.04	328.761
310.952	319.505
309.864	353.917
308.776	333.17
307.688	307.837
306.599	284.81
305.511	307.721
304.422	268.631
303.333	325.969
302.244	319.022
301.154	302.898
300.064	314.312
298.975	325.722
297.884	309.607
296.794	300.376
295.704	298.027
294.613	309.431
293.522	284.164
292.431	343.682
291.34	284.056
290.248	329.809
289.156	343.486
288.064	334.263
286.972	311.31
285.88	315.828
284.787	311.192
283.694	320.284
282.601	276.764
281.508	317.875
280.415	276.659
279.321	308.611
278.227	310.838
277.133	329.06
276.039	319.859
274.945	347.21
273.85	358.563
272.755	319.677
271.66	317.333
270.565	340.099
269.469	337.752
268.374	337.688
267.278	305.686
266.182	330.717
265.085	310.131
263.989	326.032
262.892	319.132
261.795	309.955
260.698	312.174
259.601	330.341
258.503	314.334
257.405	316.551
256.307	314.214
255.209	343.749
254.111	318.647
253.012	314.035
251.913	341.278
250.814	343.488
249.715	320.679
248.616	293.332
247.516	331.925
246.416	300.039
245.316	311.345
244.216	336.28
243.115	336.216
242.015	299.811
240.914	308.838
239.813	313.32
238.711	340.5
237.61	347.244
236.508	319.949
235.406	331.231
234.304	319.827
233.202	333.373
232.099	319.705
230.996	319.645
229.893	333.183
228.79	303.66
227.687	364.776
226.583	335.258
225.479	360.107
224.375	335.13
223.271	298.843
222.166	341.794
221.062	314.571
219.957	337.138
218.852	352.91
217.746	361.89
216.641	350.514
215.535	318.794
214.429	361.683
213.323	352.574
212.217	300.534
211.11	354.699
210.003	374.96
208.896	329.721
207.789	356.754
206.682	311.536
205.574	320.505
204.466	331.727
203.358	320.382
202.25	320.321
201.142	349.58
200.033	360.788
198.924	304.357
197.815	340.364
196.706	369.596
195.596	362.766
194.486	326.652
193.376	364.88
192.266	331.032
191.156	351.232
190.045	348.914
188.934	396.11
187.823	328.529
186.712	362.213
185.601	330.653
184.489	348.581
183.377	314.787
182.265	361.936
181.153	379.848
180.04	334.832
178.928	363.976
177.815	339.196
176.702	334.64
175.588	332.33
174.475	363.698
173.361	347.916
172.247	343.361
171.133	329.833
170.018	363.42
168.904	383.536
167.789	327.401
166.674	354.243
165.558	369.867
164.443	356.349
163.327	365.244
162.211	378.616
161.095	324.786
159.979	338.161
158.862	344.813
157.746	371.611
156.629	393.922
155.511	358.042
154.394	349.024
153.276	333.299
152.159	360.073
151.041	400.253
149.922	377.82
148.804	355.396
147.685	312.867
146.566	341.854
145.447	332.853
144.328	370.758
143.208	357.289
142.089	379.547
140.969	361.617
139.848	332.534
138.728	341.396
137.607	370.333
136.487	361.34
135.366	356.81
134.244	307.69
133.123	329.923
132.001	334.318
130.879	327.568
129.757	316.366
128.635	294.03
127.512	378.603
126.389	300.598
125.266	302.766
124.143	311.611
123.02	278.171
121.896	291.467
120.772	269.166
119.648	244.65
118.524	240.156
117.4	249.002
116.275	257.846
115.15	195.57
114.025	177.757
112.899	168.836
111.774	188.794
110.648	173.213
109.522	153.197
108.396	150.948
107.269	173.113
106.143	135.357
105.016	137.55
103.889	139.742
102.762	124.191
101.634	97.5599
100.506	68.7222
